OriginLatitude: 45.7761143333
OriginLongitude: 15.9762586667
