#The Jarun location information
LocalOriginLat: 44.4262532552
LocalOriginLon: 8.77844034831

