#The Jarun location information
LocalOriginLat: 45.7842366536
LocalOriginLon: 15.910172526
